$ANSIBLE_VAULT;1.1;AES256
66656630336538363939353130653935356136633439326133336561373632313539303635373930
3236346530306162323464396430336434326564333364330a376265303761393031343063623437
37623634366535633333373435393662666438323333306664383665383663313035333561646164
3565336165336633300a623038316165623135343661653666323539363462353836613835666337
38623232623038366130346134616231383633643034373465363231626164643433373566643763
62376464653736333331643631316132363030643463343331386565666137666536346361653731
37356263393935666261666262323861346561303764386362666364386531373737646631636630
36316137333334336538323439643538303531396635343237393732353538396534313630393637
38313835306534303664316665323164396661656162653537646338303261663530633338333264
36386637616430656339376663316134646134376635343238363130316530313338353963656337
31383864666234313637336137656632643135613563366139396264323963353934636263383139
30303662643639316339613936346265343863636332323830666662643064636630313235386366
6265
